[[ 0.00685428  0.0075964   0.00806398  0.00810656  0.00711351  0.00859744
   0.00928068  0.00949025  0.00999573  0.00904692  0.01060082  0.01064124]
 [ 0.00735169  0.00739034  0.00819459  0.00771939  0.00690172  0.00916091
   0.00904244  0.00926356  0.00981345  0.00884357  0.01070343  0.01123382]
 [ 0.00749977  0.00765396  0.00767178  0.00821796  0.00751019  0.00871895
   0.00936793  0.00974015  0.010124    0.0092304   0.01128005  0.01114715]
 [ 0.0077455   0.00772872  0.00804097  0.00809664  0.00767365  0.00930179
   0.00976903  0.00991498  0.01078095  0.00979718  0.01135996  0.01153795]
 [ 0.00663093  0.00691601  0.00725606  0.00777924  0.00659983  0.00850312
   0.00893076  0.00921944  0.0095708   0.00848646  0.01042907  0.01097138]
 [ 0.00834398  0.00866827  0.0087513   0.00907951  0.00837209  0.00958702
   0.01046201  0.01063128  0.01076766  0.01029041  0.01192573  0.01188956]
 [ 0.00873877  0.00917846  0.00911532  0.0095982   0.00894297  0.01047599
   0.0105309   0.01120725  0.01157355  0.01082536  0.01243506  0.01278752]
 [ 0.00950764  0.00947316  0.00955198  0.00999604  0.00932095  0.01083666
   0.01133604  0.01092485  0.01214717  0.01136378  0.01281861  0.01277776]
 [ 0.00983095  0.00975885  0.0098474   0.01065388  0.00977229  0.01097504
   0.01157954  0.01212393  0.01134367  0.0119842   0.01302469  0.01350598]
 [ 0.00866526  0.009265    0.00949571  0.00968225  0.00846868  0.01057536
   0.01079418  0.01126371  0.01185322  0.01046579  0.01246464  0.01289598]
 [ 0.0103676   0.01051687  0.01084662  0.0114014   0.01033952  0.01245195
   0.01234874  0.01283688  0.01329406  0.01255206  0.01266032  0.01438064]
 [ 0.01085869  0.01112788  0.01130861  0.01144307  0.01091767  0.01188395
   0.01301602  0.01306464  0.01309399  0.01313034  0.01448037  0.01335931]]