[[ 0.00115581  0.00086434  0.00071774  0.00074231  0.00072809  0.00076866
   0.00075228  0.0007419   0.00074285  0.00078487  0.00062172  0.00060432]
 [ 0.00074816  0.00070792  0.00063413  0.00049252  0.00065076  0.00063839
   0.0006869   0.00056097  0.00059447  0.00067128  0.00077137  0.00073784]
 [ 0.00059941  0.00059207  0.00061036  0.00053183  0.00045702  0.00056053
   0.0006149   0.0006303   0.00059274  0.00062947  0.00073881  0.00075772]
 [ 0.00055206  0.00056762  0.00057254  0.00055628  0.0005469   0.00055091
   0.00061791  0.00059968  0.000608    0.00058656  0.00074955  0.00078627]
 [ 0.0005377   0.00073289  0.00044854  0.00064292  0.00058996  0.00057185
   0.00061201  0.00066604  0.00066174  0.00066677  0.00073891  0.0007199 ]
 [ 0.00059259  0.00076747  0.00059596  0.00057338  0.00056595  0.00061882
   0.00060882  0.00064273  0.00063762  0.00063407  0.00072206  0.00074516]
 [ 0.00055558  0.00064192  0.00058419  0.00055753  0.00060747  0.00062216
   0.00043183  0.00061355  0.00063506  0.00064079  0.00072737  0.0007398 ]
 [ 0.00078501  0.00065714  0.00057552  0.00060411  0.00062405  0.00063508
   0.00059109  0.00061404  0.00062485  0.0006105   0.00072407  0.00075372]
 [ 0.0007251   0.00062258  0.0005389   0.00062399  0.00061576  0.00062251
   0.00060198  0.00063404  0.00060543  0.0006193   0.00073592  0.00070781]
 [ 0.00072726  0.00065979  0.00069421  0.00069723  0.00061862  0.00061401
   0.00056775  0.00063136  0.00061161  0.00061919  0.0007456   0.00077724]
 [ 0.00067261  0.00060834  0.00058115  0.0006497   0.00058397  0.00057638
   0.00059267  0.00060582  0.00060288  0.00061471  0.0007241   0.00078053]
 [ 0.00064233  0.00063423  0.00054461  0.00066515  0.00055745  0.0005683
   0.00054094  0.00062108  0.00063574  0.00062598  0.0007238   0.00077557]]