[[ 0.00022335  0.00034385  0.00036948  0.0004794   0.00052005  0.00061017
   0.00066939  0.00074071  0.00084188  0.00088422  0.00097575  0.00102682]
 [ 0.00022893  0.00031959  0.00041543  0.00051992  0.00059891  0.00071033
   0.00084817  0.0008826   0.00100437  0.00107404  0.00119746  0.0013164 ]
 [ 0.00023135  0.00035568  0.00048591  0.00063426  0.00074791  0.00082631
   0.00096042  0.00102323  0.00116947  0.00120354  0.00127186  0.00134938]
 [ 0.00024859  0.00038622  0.00056077  0.00067679  0.00082131  0.00100375
   0.00106913  0.00113974  0.00125415  0.00128753  0.00136927  0.00144284]
 [ 0.0002776   0.00056128  0.00060311  0.00078846  0.00096213  0.00109271
   0.00116398  0.00120524  0.00129006  0.00138847  0.0014885   0.0014605 ]
 [ 0.0002839   0.00059664  0.00072779  0.00084628  0.0009764   0.00109486
   0.00118457  0.00124816  0.00137475  0.00142129  0.00150224  0.00158318]
 [ 0.00031269  0.00062102  0.00075382  0.00093928  0.00108586  0.00116989
   0.00126803  0.00132855  0.00139735  0.0014385   0.00150206  0.00155068]
 [ 0.00044677  0.00069212  0.00083547  0.0010439   0.00113265  0.00124261
   0.00133017  0.00134836  0.00143792  0.00148819  0.00157398  0.0016107 ]
 [ 0.00048023  0.00070692  0.00091594  0.00109156  0.00118735  0.00128209
   0.00132284  0.00141984  0.00143255  0.00151969  0.00159451  0.00161348]
 [ 0.00049021  0.00075769  0.00098258  0.00112642  0.00121315  0.00125749
   0.00136035  0.00142892  0.0015034   0.00152569  0.00161638  0.00167769]
 [ 0.00048912  0.00080164  0.00100217  0.00120599  0.00120022  0.00132297
   0.00141352  0.00143633  0.00155458  0.00159195  0.00164773  0.00173449]
 [ 0.00051628  0.00082059  0.00105407  0.00118486  0.0013104   0.0013444
   0.00142188  0.00151561  0.00154196  0.00161498  0.00166794  0.00168843]]