[[ 0.00251986  0.00487442  0.00585589  0.00680626  0.00691031  0.00759139
   0.00835389  0.00890652  0.00936892  0.01025871  0.01063111  0.01116004]
 [ 0.00424794  0.00414534  0.00610275  0.00588501  0.00687902  0.00726341
   0.00865565  0.00858155  0.00913919  0.00934028  0.01089365  0.01196194]
 [ 0.00523259  0.0059168   0.0082884   0.00874591  0.01120327  0.01060448
   0.01181199  0.01248616  0.01363034  0.01397678  0.01424972  0.01550347]
 [ 0.0058932   0.00588631  0.00912287  0.00838121  0.00988849  0.01023382
   0.01191264  0.01198178  0.01370882  0.01303555  0.01544091  0.01589948]
 [ 0.00693074  0.00834192  0.01187006  0.01113683  0.0150018   0.0136586
   0.01599706  0.01621547  0.01750952  0.01868254  0.01822001  0.01926063]
 [ 0.00807569  0.0070023   0.01104642  0.01090446  0.01405555  0.01462799
   0.01685037  0.01782866  0.02007569  0.01828496  0.02056586  0.0209071 ]
 [ 0.00803925  0.00881476  0.01332426  0.0135329   0.01866671  0.01834867
   0.02272432  0.02094749  0.02432005  0.02323764  0.02401186  0.02428076]
 [ 0.00922031  0.00959549  0.01402572  0.01401077  0.01661878  0.01749252
   0.02105803  0.01962693  0.02059968  0.02117508  0.02334084  0.02302225]
 [ 0.00987552  0.01156189  0.01551879  0.01855675  0.01968286  0.02166278
   0.0243346   0.02548074  0.02651423  0.02502679  0.02844099  0.02926143]
 [ 0.01103929  0.01018843  0.01636212  0.0180632   0.02097786  0.02078965
   0.02576476  0.02583245  0.02753838  0.02665742  0.02937923  0.02943066]
 [ 0.01120794  0.01100711  0.02013746  0.01901866  0.02338389  0.02401362
   0.0309456   0.03235974  0.03275386  0.03449985  0.03288692  0.03337645]
 [ 0.01188437  0.01299713  0.01902851  0.02070426  0.02290871  0.02370405
   0.02748996  0.03314926  0.03311989  0.03149208  0.03363091  0.03338107]]