[[ 0.004726    0.00574684  0.0043909   0.00663777  0.00650978  0.00640185
   0.00766554  0.00851614  0.00806417  0.00874313  0.00931369  0.00881465]
 [ 0.00556741  0.00590376  0.00471905  0.00714737  0.00715556  0.00652175
   0.00814005  0.00925345  0.00875878  0.00983197  0.01029119  0.01011555]
 [ 0.00401437  0.00499025  0.00386939  0.00581932  0.00614994  0.00607002
   0.00730511  0.00780083  0.00722846  0.00847833  0.0095081   0.00859979]
 [ 0.00565934  0.00698909  0.00564918  0.00780724  0.00892834  0.00848211
   0.0104006   0.01027379  0.00993107  0.01212772  0.01281804  0.01222808]
 [ 0.0066464   0.00777882  0.00649717  0.00854291  0.00907952  0.00852246
   0.01071269  0.01145796  0.01090484  0.01251175  0.01366044  0.01255381]
 [ 0.00606772  0.00735253  0.0059581   0.00848976  0.00928408  0.00826142
   0.01056204  0.01051508  0.00999772  0.01176683  0.0128891   0.01156543]
 [ 0.0067813   0.00792209  0.00679384  0.00983387  0.01115121  0.00979505
   0.01252404  0.01273977  0.01215053  0.0148082   0.01476581  0.01458787]
 [ 0.00828442  0.00821878  0.00804745  0.01109647  0.01106289  0.01042386
   0.01266638  0.01293246  0.01347426  0.01573643  0.01544501  0.01482217]
 [ 0.00785279  0.00805221  0.0067347   0.01047594  0.01059919  0.01029294
   0.01210278  0.01297755  0.01193943  0.01387472  0.01476236  0.01486108]
 [ 0.00815001  0.00935406  0.00872949  0.01172062  0.01189408  0.01157448
   0.01361785  0.01445514  0.01373081  0.01565957  0.01782322  0.0171847 ]
 [ 0.00917996  0.00961806  0.00910757  0.01156669  0.01327662  0.01197947
   0.01462314  0.01508638  0.01433021  0.0166178   0.01725335  0.01653134]
 [ 0.00876089  0.00988162  0.00792462  0.01116162  0.01283555  0.01083787
   0.01375211  0.01431579  0.01468477  0.01710942  0.01676427  0.01573204]]