[[ 0.00317837  0.00325687  0.00290372  0.00303705  0.00303408  0.00316515
   0.00323376  0.00314587  0.00344667  0.003233    0.00338172  0.00326555]
 [ 0.00305487  0.00285983  0.00267454  0.00284296  0.00310192  0.00309805
   0.00322779  0.00348127  0.00334756  0.00320287  0.00367318  0.00330338]
 [ 0.00269038  0.00283344  0.00252668  0.00271092  0.00280759  0.00300224
   0.00306686  0.00300091  0.00326462  0.003283    0.00348678  0.00351846]
 [ 0.00307531  0.00284391  0.00272292  0.00299375  0.00326234  0.00300131
   0.00322631  0.00323097  0.00351551  0.00339724  0.00359038  0.00370786]
 [ 0.00293161  0.00338204  0.0030161   0.00323004  0.0031335   0.00325991
   0.00357878  0.00357185  0.00337494  0.00376894  0.00372693  0.0037923 ]
 [ 0.00281789  0.00294325  0.00262438  0.00294647  0.00299867  0.00294908
   0.00321494  0.00358055  0.00320979  0.0033968   0.0035779   0.00375748]
 [ 0.0031524   0.00314535  0.00301334  0.00321252  0.00325833  0.00329848
   0.00348973  0.00358124  0.00375514  0.0039786   0.00421779  0.00408332]
 [ 0.00322173  0.00342876  0.00325645  0.00358511  0.00338435  0.00329298
   0.00358522  0.00357333  0.00379068  0.00418549  0.00397934  0.00412628]
 [ 0.00342154  0.00315587  0.0031575   0.00325263  0.00334004  0.00335961
   0.00360488  0.00345651  0.00379262  0.00374315  0.00384736  0.00401108]
 [ 0.00345941  0.00369331  0.00354795  0.00373862  0.00334727  0.00340038
   0.0037227   0.00379772  0.00374887  0.0038592   0.00451556  0.00425366]
 [ 0.00360146  0.00348191  0.00340708  0.00352254  0.00386404  0.00374254
   0.00405469  0.00400105  0.00383157  0.00420957  0.00421696  0.00454194]
 [ 0.00322558  0.00326602  0.00346539  0.00369694  0.00349805  0.00351391
   0.00367205  0.00373702  0.00401664  0.00391847  0.00411558  0.00401997]]