[[ 0.00110765  0.00148404  0.00182309  0.00242842  0.00260256  0.00309054
   0.00332237  0.00403176  0.00413683  0.00458044  0.00497427  0.0049132 ]
 [ 0.00138237  0.00207171  0.00247772  0.00301512  0.00356993  0.0038667
   0.00451339  0.0046833   0.00523784  0.00605186  0.00649545  0.00727129]
 [ 0.0017174   0.00220211  0.00248879  0.0035061   0.00443098  0.00412727
   0.00483538  0.00532018  0.00554772  0.00663469  0.00809907  0.0083174 ]
 [ 0.00200208  0.00262128  0.00316383  0.00398098  0.00437162  0.00478871
   0.00588561  0.00630567  0.00642606  0.00726144  0.00789159  0.0079894 ]
 [ 0.00225609  0.00379905  0.00352973  0.00450802  0.00486834  0.00525967
   0.00591909  0.00689451  0.00715989  0.00806206  0.00871785  0.00913051]
 [ 0.00278133  0.0036618   0.00383626  0.00561936  0.00638804  0.0066889
   0.00688994  0.00749545  0.00772205  0.00893943  0.0102106   0.00905346]
 [ 0.0027487   0.00409781  0.0044245   0.00525414  0.00590603  0.00749572
   0.00680293  0.00804748  0.00884654  0.00985527  0.01156466  0.01063102]
 [ 0.00335413  0.00460034  0.00492388  0.0071832   0.00675455  0.00735637
   0.00824919  0.0088429   0.00896571  0.00974118  0.01189618  0.0107004 ]
 [ 0.00349082  0.00584637  0.00553556  0.00746239  0.00806587  0.00799097
   0.00889989  0.01069871  0.00900167  0.01049461  0.01156731  0.01179448]
 [ 0.00414168  0.00538138  0.00575709  0.00725408  0.00749447  0.00786147
   0.01060027  0.00995602  0.00995223  0.01248835  0.01325512  0.01292073]
 [ 0.00450262  0.00550625  0.0060572   0.0075263   0.00846366  0.00897545
   0.009631    0.01035229  0.01140788  0.01185247  0.01243904  0.01344387]
 [ 0.00443187  0.00588331  0.00624966  0.00668824  0.00817007  0.00845685
   0.00944839  0.01080088  0.01090017  0.01236781  0.01395433  0.01352983]]