[[  1.65719986e-04   9.03797150e-05   9.62400436e-05   9.84120369e-05
    8.48889351e-05   8.56685638e-05   8.36801529e-05   8.52394104e-05
    8.40997696e-05   8.57210159e-05   8.60309601e-05   8.88204575e-05]
 [  7.74502754e-05   7.66897202e-05   7.58790970e-05   7.50303268e-05
    7.39693642e-05   7.37595558e-05   7.38906860e-05   8.70704651e-05
    7.37690926e-05   8.58187675e-05   9.51504707e-05   8.35180283e-05]
 [  7.23814964e-05   7.14707375e-05   7.00092316e-05   6.97994232e-05
    1.00240707e-04   1.00800991e-04   7.04097748e-05   7.04407692e-05
    7.78913498e-05   7.20000267e-05   7.95507431e-05   8.00085068e-05]
 [  8.31389427e-05   7.33590126e-05   8.03995132e-05   7.89785385e-05
    1.19769573e-04   7.68017769e-05   8.33702087e-05   8.25500488e-05
    8.27217102e-05   8.32796097e-05   9.29808617e-05   9.32383537e-05]
 [  9.14883614e-05   1.09798908e-04   9.17601585e-05   1.43270493e-04
    1.07891560e-04   9.35387611e-05   1.08020306e-04   9.65905190e-05
    9.72890854e-05   9.75489616e-05   1.05810165e-04   1.07028484e-04]
 [  6.57582283e-05   7.52592087e-05   6.66499138e-05   6.79111481e-05
    6.77180290e-05   7.03001022e-05   6.96301460e-05   7.88402557e-05
    6.98399544e-05   7.01689720e-05   8.84795189e-05   7.71307945e-05]
 [  7.08222389e-05   8.04305077e-05   7.43412971e-05   1.17211342e-04
    7.57598877e-05   7.62486458e-05   8.75806808e-05   7.40003586e-05
    7.41410255e-05   7.51805305e-05   7.77482986e-05   8.10885429e-05]
 [  9.43493843e-05   8.66603851e-05   6.59990311e-05   7.16090202e-05
    9.19485092e-05   1.18699074e-04   8.08286667e-05   7.90810585e-05
    7.61103630e-05   8.08882713e-05   1.03838444e-04   9.18722153e-05]
 [  9.85288620e-05   9.25087929e-05   8.42285156e-05   8.94999504e-05
    8.80002975e-05   8.48913193e-05   1.79510117e-04   9.44805145e-05
    8.22091103e-05   8.21805000e-05   9.18102264e-05   1.64368153e-04]
 [  1.04591846e-04   1.83391571e-04   9.94396210e-05   9.49692726e-05
    9.42993164e-05   9.58800316e-05   8.99100304e-05   9.03892517e-05
    1.09319687e-04   9.16910172e-05   1.02710724e-04   1.07030869e-04]
 [  1.29220486e-04   1.03960037e-04   1.05109215e-04   1.00610256e-04
    1.12240314e-04   9.67717171e-05   9.51313972e-05   1.04091167e-04
    9.71794128e-05   9.71102715e-05   1.09000206e-04   1.39298439e-04]
 [  1.13050938e-04   1.10318661e-04   1.10938549e-04   1.06461048e-04
    1.01261139e-04   9.97805595e-05   1.00438595e-04   1.03921890e-04
    9.33909416e-05   1.02541447e-04   1.16219521e-04   1.22780800e-04]]