[[ 0.00060455  0.00062538  0.00077609  0.00095099  0.00124812  0.00125109
   0.00142725  0.00157184  0.00172957  0.00189843  0.00198443  0.00208744]
 [ 0.00050533  0.00084765  0.00116145  0.0014847   0.00176411  0.00207556
   0.00233387  0.00262739  0.00288696  0.00320011  0.00356186  0.00365966]
 [ 0.00064697  0.0011565   0.00166701  0.00201282  0.00247096  0.00290354
   0.00327488  0.00377357  0.00413405  0.00453243  0.00494969  0.00511534]
 [ 0.00077833  0.00182235  0.00206788  0.00260088  0.00315834  0.00368137
   0.00432686  0.00482929  0.00530249  0.00586035  0.00637363  0.0066443 ]
 [ 0.00100126  0.0017901   0.00247191  0.00310675  0.00391332  0.00452593
   0.00542581  0.00578871  0.00645603  0.00720429  0.00773104  0.00805763]
 [ 0.00115462  0.00214663  0.00282099  0.00370554  0.00447502  0.00540384
   0.00599104  0.00685525  0.0076832   0.00840455  0.00918475  0.00967567]
 [ 0.00132987  0.00245706  0.00331418  0.00425531  0.00519718  0.00613288
   0.00696583  0.00794914  0.00878733  0.00951419  0.01074734  0.01105562]
 [ 0.00168394  0.00265985  0.00369235  0.00475554  0.00584358  0.00685724
   0.00800042  0.0087959   0.00992236  0.01155417  0.01216731  0.0124094 ]
 [ 0.00168447  0.00298992  0.004105    0.00540473  0.00631077  0.0078224
   0.00878219  0.01020664  0.0113328   0.01240125  0.01345117  0.01376142]
 [ 0.00182097  0.00344225  0.00470786  0.00588413  0.00723015  0.0086002
   0.00964917  0.01117406  0.01237937  0.01377168  0.01478921  0.01500215]
 [ 0.0020063   0.00353928  0.0049799   0.00645772  0.00762802  0.00930164
   0.01065283  0.01214714  0.01354655  0.01483007  0.01621334  0.0165508 ]
 [ 0.00233252  0.00388104  0.00525805  0.00707468  0.00874409  0.01001816
   0.01169942  0.01328184  0.01451659  0.01588897  0.01744574  0.0180662 ]]