[[ 0.00141477  0.00149961  0.0014032   0.00151243  0.0014999   0.00161127
   0.00160676  0.00170419  0.00169507  0.00184177  0.00181734  0.00206964]
 [ 0.00144685  0.00149181  0.00138957  0.00157725  0.00153798  0.00160255
   0.00163386  0.00177275  0.00173589  0.00186155  0.00205456  0.00210336]
 [ 0.00131328  0.00137974  0.00133975  0.00148056  0.0014889   0.00163893
   0.00164411  0.00173791  0.00185401  0.00186157  0.00190125  0.00201313]
 [ 0.00147849  0.00151495  0.00145479  0.00156086  0.00170653  0.00167398
   0.00184465  0.00184984  0.00188656  0.00194967  0.00197755  0.00207721]
 [ 0.00142154  0.00155386  0.00154363  0.00158229  0.00157054  0.00173409
   0.00182603  0.00194221  0.00192904  0.00200724  0.00202288  0.0021535 ]
 [ 0.00152802  0.00167913  0.00162065  0.0017806   0.00180228  0.00178333
   0.00201062  0.00198449  0.00199995  0.00206735  0.00228344  0.00218896]
 [ 0.00160102  0.00165205  0.00164151  0.0017884   0.00178175  0.00190051
   0.00177579  0.00202543  0.00212133  0.00208573  0.00245861  0.0024993 ]
 [ 0.00169878  0.00182243  0.00173453  0.00176218  0.00196593  0.00195452
   0.00199286  0.00216432  0.00214175  0.00242388  0.00232661  0.00247962]
 [ 0.00169583  0.0018497   0.00178636  0.00202091  0.00187875  0.00192661
   0.00196683  0.00220245  0.00212546  0.00235431  0.00224464  0.00247942]
 [ 0.00187823  0.00186422  0.00194977  0.00205744  0.00196314  0.0020281
   0.00219337  0.00236191  0.00227443  0.00218752  0.00253147  0.00253803]
 [ 0.001884    0.00196232  0.00191091  0.00201326  0.00195778  0.0021755
   0.00221725  0.00224208  0.00231456  0.00251732  0.0022182   0.00269277]
 [ 0.00192589  0.00204724  0.00219479  0.00216315  0.0020956   0.00224565
   0.00224547  0.00245591  0.0023522   0.00268124  0.00251881  0.00230499]]