[[ 0.00569542  0.00485624  0.00443951  0.00466069  0.00432689  0.00421665
   0.00428061  0.00429927  0.00429236  0.00455687  0.0041383   0.00423481]
 [ 0.00441106  0.00419901  0.00404391  0.0039588   0.00356155  0.00405626
   0.00400804  0.00395063  0.00399131  0.00389858  0.0040183   0.00420112]
 [ 0.00365168  0.00392644  0.00389065  0.00393444  0.00374008  0.00381541
   0.00391512  0.00338251  0.00355455  0.00415987  0.00417441  0.00412939]
 [ 0.00338141  0.00330637  0.00336006  0.00385351  0.00329186  0.00323535
   0.00400812  0.0039508   0.00409999  0.00409165  0.00413033  0.00425173]
 [ 0.00401245  0.00433352  0.00379566  0.00382511  0.00396178  0.00386439
   0.0039658   0.0035638   0.00359569  0.00411156  0.00407768  0.00409853]
 [ 0.00345401  0.00369305  0.00376123  0.00390304  0.00388956  0.00400375
   0.00369066  0.00364504  0.00399049  0.00410266  0.00377738  0.00412417]
 [ 0.00336352  0.00348657  0.00366309  0.00349681  0.00394349  0.00398205
   0.00401768  0.00347229  0.00401107  0.0038846   0.00371327  0.00425621]
 [ 0.0039844   0.00436113  0.00397984  0.0041373   0.00404364  0.00412714
   0.004047    0.00362417  0.00409696  0.00372854  0.00412744  0.004124  ]
 [ 0.00406032  0.00421512  0.0039268   0.00416197  0.00352295  0.00403292
   0.00381951  0.00374131  0.00408377  0.00422606  0.00412356  0.00416654]
 [ 0.00377456  0.00431649  0.00423551  0.0041031   0.00409805  0.00398779
   0.0037432   0.0037921   0.00410707  0.00353458  0.00394219  0.00372131]
 [ 0.003663    0.00413043  0.00385119  0.0042111   0.00398655  0.00405496
   0.00399999  0.00407374  0.0041697   0.00416235  0.00410864  0.00432068]
 [ 0.00428895  0.0043294   0.00427834  0.00413387  0.00408329  0.00376564
   0.00408115  0.00410969  0.00420537  0.00417732  0.00426965  0.00428143]]