[[ 0.00039983  0.00048114  0.00027434  0.00033614  0.00037588  0.00035302
   0.00041303  0.00042051  0.00042709  0.00049834  0.00057138  0.00051851]
 [ 0.00027846  0.00029794  0.00026642  0.00032784  0.00036581  0.00032185
   0.00041218  0.00039102  0.00039968  0.00046835  0.00060601  0.00056425]
 [ 0.00024153  0.0002304   0.00022884  0.00025545  0.00028591  0.000245
   0.00035642  0.00034929  0.00037721  0.00047493  0.00054888  0.00049715]
 [ 0.00028428  0.00029649  0.00027306  0.00030719  0.0003584   0.00036611
   0.00045099  0.00044832  0.00047293  0.00053282  0.0006187   0.00056143]
 [ 0.00032192  0.00043392  0.0003203   0.00039846  0.0004076   0.00052198
   0.00057783  0.00057798  0.00057414  0.00067157  0.00073319  0.00070006]
 [ 0.00027625  0.00039261  0.00028338  0.00032977  0.00040446  0.00040797
   0.00050609  0.00050698  0.00051747  0.00062298  0.00064158  0.00059031]
 [ 0.00040629  0.00049315  0.00040583  0.00042999  0.00055225  0.00051948
   0.00062827  0.00066643  0.00061363  0.00084771  0.0008997   0.00085393]
 [ 0.00049832  0.00049055  0.0003985   0.00045064  0.00052699  0.00054146
   0.00061995  0.00058009  0.00063365  0.00080247  0.00108092  0.0007178 ]
 [ 0.00047929  0.00048196  0.00038751  0.00051677  0.00059285  0.00049893
   0.00064947  0.00067732  0.00067692  0.00077084  0.00084806  0.00074584]
 [ 0.00056739  0.0005872   0.0004983   0.00061166  0.0007125   0.00061469
   0.00075879  0.00079843  0.00077298  0.00090677  0.00103946  0.00092892]
 [ 0.0005574   0.00055317  0.00056694  0.00062772  0.00065553  0.00061619
   0.00077741  0.00077407  0.0008033   0.00098783  0.00103507  0.00100508]
 [ 0.00054042  0.00055575  0.00051788  0.00050805  0.00063734  0.00054137
   0.00074343  0.00074385  0.00075733  0.00090817  0.0009908   0.00085033]]