[[ 0.000418    0.00049329  0.0007478   0.00063069  0.0007463   0.0008018
   0.000864    0.00094615  0.00106861  0.00115779  0.00119763  0.00132717]
 [ 0.00036561  0.00046252  0.00055265  0.00063045  0.00072224  0.00082865
   0.00092263  0.00108168  0.00108478  0.00119172  0.00137251  0.00145193]
 [ 0.00041228  0.00052929  0.00060037  0.00069199  0.00079796  0.00088252
   0.00105437  0.00113011  0.00124448  0.00130572  0.00142568  0.00144474]
 [ 0.00047712  0.0005866   0.00065945  0.00077383  0.00096635  0.00104007
   0.0011307   0.0012547   0.00131901  0.00142239  0.00147954  0.00149495]
 [ 0.00056907  0.00077631  0.00080456  0.00094448  0.00101373  0.00122664
   0.00127254  0.00136455  0.00146248  0.00144492  0.00157243  0.00163612]
 [ 0.00065324  0.00088104  0.00090362  0.00108867  0.00116627  0.00122104
   0.00134377  0.00140318  0.00147381  0.00154931  0.00158356  0.00169528]
 [ 0.00088044  0.00095643  0.00104242  0.00113986  0.00126215  0.00132848
   0.00138757  0.00148505  0.00160235  0.00157819  0.00171715  0.00180798]
 [ 0.00109729  0.00105453  0.00115608  0.0012333   0.00140323  0.00141305
   0.00150933  0.00152732  0.0016701   0.00170723  0.00180569  0.00185998]
 [ 0.00098805  0.00110459  0.00125329  0.00130297  0.00145481  0.00146827
   0.00156251  0.00162657  0.0016957   0.00183851  0.00180818  0.00193373]
 [ 0.00115376  0.00130766  0.00134868  0.00141416  0.0014706   0.00150631
   0.00162398  0.00174197  0.00189214  0.0018019   0.00195205  0.00207576]
 [ 0.0012524   0.00132621  0.00143392  0.00151981  0.00158091  0.00159498
   0.00171351  0.0017974   0.00184591  0.0019274   0.00195688  0.00212107]
 [ 0.00132359  0.00138101  0.00148805  0.00153721  0.00161621  0.00164146
   0.00174325  0.00175064  0.00185645  0.00194032  0.00205665  0.00212777]]