[[ 0.00577156  0.00639257  0.00663718  0.0067682   0.00712892  0.00760241
   0.00561041  0.0083876   0.00854642  0.00967442  0.01005718  0.01053965]
 [ 0.00601249  0.00663815  0.0065329   0.00741273  0.00743944  0.00809753
   0.00584051  0.00908712  0.00971177  0.00948265  0.01042736  0.01054106]
 [ 0.00619443  0.00681849  0.00727921  0.00744565  0.00780416  0.00867305
   0.00608104  0.00989236  0.00947506  0.01017403  0.01074019  0.01109249]
 [ 0.0065804   0.00723895  0.00738574  0.00766506  0.00816087  0.00871048
   0.0069004   0.00944241  0.01020539  0.0112355   0.01194872  0.01148746]
 [ 0.00688065  0.00768455  0.00764128  0.00837856  0.00815935  0.00918617
   0.00678166  0.01075567  0.01142509  0.0117309   0.01174985  0.01302729]
 [ 0.00737137  0.00749173  0.00860059  0.00854481  0.00921876  0.0098169
   0.00737565  0.01089835  0.01106953  0.01170458  0.01290505  0.01246978]
 [ 0.00567032  0.00600915  0.0069355   0.00674668  0.00773895  0.00815317
   0.00546448  0.00850365  0.00891064  0.00946125  0.00973979  0.01027619]
 [ 0.00859917  0.00831064  0.00935626  0.00979457  0.01063273  0.01094245
   0.00859886  0.01125118  0.01250768  0.01302829  0.01362798  0.01398001]
 [ 0.00803843  0.00923325  0.00923602  0.01056719  0.01016795  0.01137859
   0.00838941  0.01209267  0.01250992  0.01391632  0.01402273  0.0143805 ]
 [ 0.0090303   0.0095102   0.01027697  0.01087323  0.01053258  0.01198348
   0.00922979  0.01318541  0.01403635  0.01322362  0.01449064  0.0147761 ]
 [ 0.00873833  0.00964794  0.00982585  0.01070504  0.0113457   0.01189109
   0.00887266  0.01388139  0.01391546  0.01473644  0.01445868  0.01574647]
 [ 0.00937136  0.00961386  0.01083722  0.01109493  0.01211026  0.01198781
   0.00928523  0.01316752  0.0145841   0.0144982   0.01546633  0.01586645]]