[[ 0.00536781  0.00494431  0.00519816  0.00608988  0.00928332  0.00693899
   0.00721335  0.00952225  0.00798657  0.00877491  0.00894625  0.00929153]
 [ 0.00604301  0.0064531   0.00736247  0.00788114  0.01027981  0.00955034
   0.01106573  0.01208424  0.01262001  0.01143256  0.01406278  0.01453905]
 [ 0.00894258  0.00840967  0.00905883  0.01235264  0.01061108  0.01158295
   0.01470669  0.01526971  0.01664934  0.01540774  0.01890881  0.01713712]
 [ 0.00843479  0.00970245  0.01085861  0.01376078  0.01497384  0.0149592
   0.01527768  0.01593967  0.01688243  0.01909685  0.02147102  0.01998788]
 [ 0.01206143  0.01282671  0.01573771  0.01723006  0.01645246  0.01796799
   0.02213567  0.02346891  0.02240192  0.02369865  0.02416034  0.0281456 ]
 [ 0.01169867  0.01578291  0.01500045  0.01680516  0.01829834  0.02042553
   0.02168258  0.02344774  0.02494789  0.02756876  0.03011137  0.0311223 ]
 [ 0.01455744  0.01530265  0.01955377  0.02073058  0.02396431  0.02283506
   0.02567803  0.02675738  0.02741903  0.03193754  0.03081963  0.03250014]
 [ 0.01629749  0.02103999  0.02241313  0.02385459  0.02530583  0.02644186
   0.02954087  0.03040178  0.02997773  0.03382791  0.03520219  0.03643284]
 [ 0.01845348  0.02155588  0.0212765   0.02461441  0.02620589  0.02951556
   0.03194206  0.03237704  0.03870084  0.03586644  0.03906735  0.04177644]
 [ 0.01940379  0.02072966  0.02375568  0.02658405  0.02867966  0.03158057
   0.03274879  0.0357065   0.03754844  0.04031327  0.04472584  0.04329601]
 [ 0.01951044  0.02292895  0.02744565  0.02803828  0.03396898  0.0353379
   0.03621057  0.03770565  0.03992387  0.04184508  0.04531138  0.04645476]
 [ 0.0223038   0.02488437  0.03063816  0.0318421   0.03154873  0.03466238
   0.03648273  0.03939887  0.04123937  0.04324911  0.04739353  0.04950247]]