[[ 0.0007586   0.00112835  0.0012428   0.00138062  0.00153243  0.00165746
   0.00206632  0.00199091  0.00214876  0.00234437  0.00238682  0.00262905]
 [ 0.00105651  0.0013497   0.00161703  0.00194458  0.0021909   0.00229575
   0.00243815  0.00254134  0.00281513  0.00301384  0.0031769   0.00345305]
 [ 0.0011486   0.00153758  0.0020726   0.00221357  0.00259696  0.00282282
   0.00310811  0.00310546  0.00376695  0.00352843  0.00390476  0.00431885]
 [ 0.00143766  0.00205857  0.00239687  0.0027319   0.00280315  0.0034854
   0.00366572  0.00361823  0.00441638  0.00458185  0.00459044  0.00471112]
 [ 0.00184201  0.00227797  0.00285821  0.00294884  0.00312991  0.00337078
   0.00424617  0.00459017  0.00440626  0.00489941  0.00485844  0.00513451]
 [ 0.0020841   0.00249909  0.00305102  0.0033213   0.00360657  0.0044655
   0.00432998  0.0049765   0.00496317  0.00538369  0.00574288  0.00611043]
 [ 0.00199682  0.0026928   0.00314111  0.00340546  0.00392399  0.00484536
   0.0051128   0.00524209  0.00552584  0.00593173  0.0058473   0.0062084 ]
 [ 0.00229054  0.0028449   0.00339046  0.00394925  0.0044509   0.00489284
   0.00516078  0.00529459  0.00621316  0.00593161  0.00648333  0.00761043]
 [ 0.00334716  0.00311089  0.00375634  0.0042302   0.00481109  0.00528215
   0.0056434   0.00586245  0.00620975  0.00649022  0.0074729   0.00735633]
 [ 0.00317657  0.00415982  0.00463265  0.00512753  0.00514233  0.00540653
   0.00590861  0.00623287  0.00708442  0.00684328  0.00740544  0.00762838]
 [ 0.00346888  0.00434139  0.00486329  0.00555598  0.0059434   0.00621432
   0.006315    0.00664047  0.00695597  0.00743257  0.00798164  0.00926896]
 [ 0.00390673  0.00407989  0.00475292  0.0052418   0.00571725  0.00595443
   0.00637646  0.00687468  0.0071509   0.00773558  0.00835966  0.00911786]]