[[ 0.00068538  0.00105094  0.00133252  0.00161048  0.00178711  0.00211851
   0.00227681  0.00258439  0.00280305  0.00310573  0.00322952  0.00347862]
 [ 0.00096932  0.00125989  0.00150868  0.00175729  0.00203656  0.00224879
   0.00253121  0.00279409  0.00299767  0.0033097   0.00356657  0.00375916]
 [ 0.0012829   0.0014983   0.00173673  0.00198822  0.00227713  0.0025174
   0.00282247  0.00307733  0.00338602  0.00366671  0.00389617  0.00399545]
 [ 0.00151854  0.00170113  0.00199301  0.00219532  0.00255514  0.00290475
   0.00315552  0.00328874  0.00378168  0.00393597  0.00399774  0.00420838]
 [ 0.00171678  0.00203877  0.00228127  0.00261842  0.0028059   0.00319847
   0.00349943  0.00368914  0.00397797  0.00402701  0.00435514  0.00460438]
 [ 0.00222877  0.00229829  0.00255014  0.00288989  0.00315306  0.0034578
   0.00388472  0.00397982  0.00423821  0.00441327  0.00513033  0.00480389]
 [ 0.00225236  0.00256504  0.00283428  0.0031694   0.00340156  0.00390152
   0.00390857  0.00432801  0.00445423  0.00461177  0.00485272  0.0051421 ]
 [ 0.00254015  0.00286918  0.00308113  0.00336763  0.00373914  0.00401691
   0.00436885  0.00435791  0.004787    0.00492729  0.00510209  0.00536855]
 [ 0.00273     0.00311648  0.00337223  0.00375034  0.00396999  0.00404892
   0.0043839   0.00483939  0.00482009  0.00519196  0.00541118  0.00556427]
 [ 0.00297753  0.00344664  0.00378143  0.00393213  0.00405533  0.00443424
   0.00468391  0.00474118  0.00520995  0.00523585  0.00551861  0.00588564]
 [ 0.00321888  0.00355134  0.00379633  0.00416132  0.00434946  0.00456053
   0.00477423  0.00508474  0.00534705  0.00549827  0.00608506  0.00615577]
 [ 0.00341857  0.00374944  0.0040265   0.0041492   0.00447844  0.00473015
   0.0051113   0.00522949  0.00564343  0.0059721   0.00620607  0.00656277]]