0.597625957301 0.396682923905 0.163058530431 0.163058530431
1.30306266371 0.270920121281 0.096310306325 0.096310306325
2.8460637076 0.184695056483 0.0569538427205 0.0569538427205
6.10072003962 0.125086349585 0.0399845157713 0.0399845157713
13.2230291436 0.0767822189774 0.0222769376957 0.0222769376957
28.8399607269 0.0576661470371 0.0193946108186 0.0193946108186
63.176977337 0.0374154249938 0.00977185403458 0.00977185403458
141.343253851 0.0249392212399 0.00746441059386 0.00746441059386
327.747873244 0.0179649547412 0.00562123005849 0.00562123005849
666.413656824 0.0111262354698 0.00302317134509 0.00302317134509
