0.500682092486 0.473462479338 0.204483191134 0.204483191134
1.04783219721 0.321103528578 0.0999755297831 0.0999755297831
2.96597205532 0.198808627369 0.0526365937274 0.0526365937274
6.39515188729 0.133096937454 0.0310697411709 0.0310697411709
10.4796221123 0.0965384135114 0.0232391121797 0.0232391121797
22.9054007059 0.0615343975699 0.0133131064184 0.0133131064184
49.6669751274 0.0416918846729 0.00877896705593 0.00877896705593
110.222993525 0.0289941907746 0.00733132957394 0.00733132957394
233.285237061 0.0194734259298 0.00444333089647 0.00444333089647
540.078787789 0.0128864087302 0.00318018020534 0.00318018020534
