105.042302993 3.66433156714 0.0245082503688 0.0245082503688
145.152250613 3.66679558074 0.000222188354638 0.000222188354638
181.782423651 3.66427556448 0.0245030530875 0.0245030530875
248.729085844 3.64969773872 0.070122837708 0.070122837708
320.801627216 3.63320530647 0.105906270834 0.105906270834
385.66669968 3.6165721722 0.129285703299 0.129285703299
533.911464001 3.55935049952 0.195997897379 0.195997897379
662.035720211 3.44447504712 0.292619530294 0.292619530294
849.918793204 2.83224124806 1.04875238539 1.04875238539
1095.24912406 0.000559444519159 6.50521303491e-19 6.50521303491e-19
