29.5017474767 0.418432467793 0.334127487119 0.334127487119
36.2732539266 0.226219244628 0.123482977453 0.123482977453
45.6147567857 0.166564538769 0.0963309268249 0.0963309268249
63.2679489838 0.120870532405 0.0333387068377 0.0333387068377
89.5134239549 0.100426740775 0.0366776833384 0.0366776833384
129.78102355 0.0707441738938 0.0193492360614 0.0193492360614
194.735201358 0.0628801535101 0.0178888995863 0.0178888995863
299.419088643 0.04545711014 0.0112579747261 0.0112579747261
492.484093739 0.0361437483494 0.00960697354142 0.00960697354142
716.546115928 0.0287392576691 0.00678672959911 0.00678672959911
