21.4491212939 0.322332735378 0.213436257612 0.213436257612
27.1371364 0.265685417731 0.189509017951 0.189509017951
34.8853472731 0.182071791903 0.0898652822398 0.0898652822398
50.0391997212 0.134051804275 0.0763652076333 0.0763652076333
73.4401258598 0.107675813653 0.051067428187 0.051067428187
111.33982205 0.0914480303022 0.056036997086 0.056036997086
170.868775471 0.0750081354168 0.0372584903983 0.0372584903983
262.357827987 0.065386729897 0.0400495408723 0.0400495408723
409.066556038 0.0522190676129 0.0270616598925 0.0270616598925
652.542871409 0.041485888357 0.0187671833655 0.0187671833655
