9.22176007366 0.0644026587965 0.0341714559455 0.0341714559455
18.0170206438 0.0459277235013 0.0252168956716 0.0252168956716
36.7525305735 0.030752905291 0.0164913248265 0.0164913248265
77.4470256555 0.0194434296842 0.0128350618718 0.0128350618718
162.25749607 0.0132845195417 0.0071302536316 0.0071302536316
335.518493013 0.0101967010086 0.00624658820084 0.00624658820084
778.790852128 0.00694212069965 0.0040331620952 0.0040331620952
1098.90227731 1.35403872055e-12 1.61558713389e-27 1.61558713389e-27
1117.72788584 1.35403872055e-12 1.61558713389e-27 1.61558713389e-27
1141.79662161 1.35403872055e-12 1.61558713389e-27 1.61558713389e-27
