26.817281289 0.449512918786 0.305217336615 0.305217336615
33.819829692 0.286207194248 0.109698727256 0.109698727256
43.8357582661 0.225906397156 0.0772628676695 0.0772628676695
61.7741052931 0.179779427507 0.0538872584267 0.0538872584267
89.3456369585 0.137459070932 0.0333326609936 0.0333326609936
137.705889334 0.114586414385 0.0321287348288 0.0321287348288
202.748072083 0.090060540824 0.0258212229606 0.0258212229606
307.319686253 0.067924216676 0.0170894723217 0.0170894723217
474.234161093 0.0546141062502 0.0153450026134 0.0153450026134
738.35730137 0.0403461484078 0.0115505146306 0.0115505146306
