453.228158304 0.136613383555 0.0454097258267 0.0454097258267
629.133839931 0.116693879117 0.0399847894838 0.0399847894838
828.085217206 0.1031372218 0.0314299567559 0.0314299567559
926.028579026 0.0877849362866 0.0263370991975 0.0263370991975
1186.24803572 0.0711702606009 0.0204140012993 0.0204140012993
1519.25184534 0.0597930622714 0.0190774922168 0.0190774922168
2106.56411697 0.0482482883064 0.0156325317653 0.0156325317653
2527.34038518 0.0372874204883 0.0117797449581 0.0117797449581
3370.77195182 0.0236404686418 0.00695968319983 0.00695968319983
4118.16102418 0.00298759365878 4.33680868994e-19 4.33680868994e-19
