0.68483863333 0.45242159072 0.209188843294 0.209188843294
0.717056635798 0.302883951167 0.11547164905 0.11547164905
1.49538407637 0.198364289317 0.0546013827656 0.0546013827656
4.38295857279 0.132051321585 0.0355497396965 0.0355497396965
9.40006361303 0.0868504990229 0.019846995476 0.019846995476
15.2429176228 0.0564051328759 0.0142868669932 0.0142868669932
32.9073818391 0.0419492189345 0.0102167394838 0.0102167394838
71.8739360678 0.0264026466177 0.00660826335878 0.00660826335878
158.489074607 0.0181785353617 0.00443046616559 0.00443046616559
372.594835226 0.0119698581616 0.0030849597074 0.0030849597074
