38.0983133008 0.230130030414 0.153377733908 0.153377733908
88.6191523605 0.166657365138 0.1152891248 0.1152891248
185.492075299 0.108243620637 0.073412429346 0.073412429346
304.248831066 0.0696655225122 0.0467690934851 0.0467690934851
628.135105431 0.0514547175586 0.0375002567146 0.0375002567146
1329.06073157 0.0355051467941 0.0222713158179 0.0222713158179
3067.90523399 0.0258896528248 0.0166725926728 0.0166725926728
4568.79288878 1.25490035183e-12 1.41363874216e-27 1.41363874216e-27
4353.88755735 1.25490035183e-12 1.41363874216e-27 1.41363874216e-27
4578.56801396 1.25490035183e-12 1.41363874216e-27 1.41363874216e-27
