[[ 0.00241236  0.00213269  0.00276324  0.00298162  0.00317052  0.00336956
   0.00349548  0.00369185  0.00388763  0.00428758  0.00438096  0.00461526]
 [ 0.00324963  0.003169    0.00360808  0.00389579  0.00410649  0.0042816
   0.00460562  0.00467396  0.00472912  0.00521482  0.00573959  0.00584449]
 [ 0.00411023  0.00441071  0.00409188  0.00490654  0.00567691  0.00598984
   0.0056442   0.00639362  0.00596926  0.00592738  0.00698286  0.0070553 ]
 [ 0.00474806  0.00512554  0.00569837  0.00559797  0.00621254  0.00753041
   0.006775    0.0067726   0.00731638  0.00739935  0.00820651  0.00815276]
 [ 0.0069408   0.00785029  0.00665957  0.00742361  0.00726921  0.00718272
   0.00792512  0.00881681  0.00842893  0.00830311  0.01044911  0.00956177]
 [ 0.00742288  0.0081839   0.00737133  0.00781224  0.00820304  0.00962367
   0.00936794  0.00948843  0.00916878  0.00997407  0.0114226   0.01158671]
 [ 0.00754884  0.00796743  0.00998741  0.00932023  0.00945733  0.00928453
   0.00978135  0.01000713  0.01056975  0.01098161  0.012647    0.01273755]
 [ 0.00916365  0.00851422  0.00925439  0.00984728  0.01194039  0.01066922
   0.01113374  0.01015391  0.01141618  0.01117206  0.01327005  0.01286196]
 [ 0.01003996  0.0114355   0.00969878  0.01091285  0.01135615  0.01260846
   0.01243023  0.01283605  0.01200726  0.01238602  0.01531899  0.01353938]
 [ 0.01088711  0.01103728  0.01150672  0.01237775  0.01207464  0.0120884
   0.01238184  0.01291243  0.01389717  0.01347419  0.01646943  0.01564403]
 [ 0.01170714  0.01170955  0.01248897  0.01290929  0.01329628  0.01356258
   0.01592363  0.01459558  0.01514173  0.01563409  0.01611248  0.01645152]
 [ 0.01170025  0.01194053  0.01281436  0.01354084  0.01364486  0.01333306
   0.0172824   0.01684623  0.01536198  0.01686064  0.01856644  0.01739315]]