[[ 0.00094364  0.0010524   0.00102734  0.00105353  0.00113275  0.00123724
   0.00110265  0.00127902  0.00134219  0.00140181  0.00147376  0.00152773]
 [ 0.00079052  0.00096567  0.00093679  0.00089998  0.00103492  0.00119804
   0.00122875  0.00127172  0.00147729  0.00138917  0.00151333  0.00168077]
 [ 0.00088832  0.00087497  0.00100732  0.00104773  0.0012149   0.00118002
   0.00141402  0.00140151  0.00158664  0.00172155  0.00182728  0.00183867]
 [ 0.00099524  0.00096494  0.00108956  0.00116402  0.00127043  0.00146495
   0.00136946  0.00135991  0.00146997  0.00150734  0.00177232  0.00198727]
 [ 0.00109758  0.00120343  0.00109951  0.0012688   0.00142848  0.00154093
   0.00148132  0.00162455  0.00156728  0.00164441  0.00187363  0.00195672]
 [ 0.00106754  0.0011566   0.00121866  0.00130097  0.00150131  0.00138185
   0.00173379  0.00171738  0.00180208  0.00196434  0.0020708   0.00201035]
 [ 0.00110959  0.00122388  0.00131609  0.00154019  0.00153266  0.00158186
   0.00170763  0.00175062  0.00187025  0.0019742   0.00205115  0.00200184]
 [ 0.00131419  0.00135094  0.00137909  0.00148711  0.0015721   0.00184232
   0.00174435  0.00179794  0.00192642  0.00198737  0.00225181  0.0022629 ]
 [ 0.00128122  0.00135594  0.00137711  0.00166155  0.00160338  0.00164804
   0.00182276  0.00207865  0.00185993  0.00203391  0.00234917  0.00236485]
 [ 0.00154182  0.00145082  0.00174856  0.00170496  0.00181136  0.00178274
   0.00192868  0.00219551  0.00236618  0.0020841   0.00227733  0.00259574]
 [ 0.00157078  0.00171397  0.00160749  0.00166054  0.00178979  0.00205351
   0.00215674  0.00204396  0.00241662  0.00233166  0.00233311  0.00249744]
 [ 0.00150522  0.00158003  0.001622    0.00169637  0.00200341  0.00189239
   0.00221972  0.0021367   0.00248944  0.00237197  0.00259695  0.00258263]]