[[ 0.00231792  0.00348194  0.00441027  0.00528147  0.00610725  0.0078459
   0.00808016  0.00868422  0.00953764  0.01066208  0.01118284  0.01177468]
 [ 0.00359606  0.00451334  0.00557902  0.00634561  0.00777984  0.00835788
   0.00962965  0.00994124  0.01122776  0.01170994  0.01427804  0.01427496]
 [ 0.00425162  0.00565395  0.0068552   0.00849207  0.00889821  0.00997155
   0.01071201  0.0115935   0.01260411  0.01399092  0.01470005  0.01548219]
 [ 0.00507139  0.00643564  0.00794904  0.00799673  0.01059415  0.01168257
   0.01277862  0.01329467  0.01429256  0.01462624  0.01642302  0.01614906]
 [ 0.0060425   0.00792737  0.00878741  0.01021897  0.01106546  0.01209603
   0.01313218  0.01456121  0.01550286  0.01657401  0.01736007  0.01829433]
 [ 0.00736039  0.00860223  0.00989064  0.01070248  0.01330816  0.01327546
   0.01458517  0.01555778  0.0167354   0.01729236  0.01862249  0.01952697]
 [ 0.00782267  0.00955338  0.01087017  0.01195096  0.01305911  0.01443591
   0.01583197  0.01665482  0.01807352  0.01919213  0.0204579   0.02211663]
 [ 0.0088956   0.01049774  0.01195471  0.01234372  0.01547493  0.01523491
   0.01785007  0.01712179  0.02013495  0.02116659  0.02205777  0.02208539]
 [ 0.00948044  0.01284024  0.0123904   0.01409119  0.01616527  0.01679641
   0.01791712  0.02017066  0.02085052  0.02290559  0.02337163  0.0245528 ]
 [ 0.0105637   0.01180826  0.01355727  0.01479137  0.01658526  0.01728931
   0.02010712  0.02073639  0.02205191  0.02282687  0.02466192  0.02546773]
 [ 0.0111942   0.01304855  0.01591248  0.01591285  0.01722563  0.01960598
   0.02024877  0.02185986  0.02307126  0.02486093  0.02648971  0.02764427]
 [ 0.01186069  0.01377592  0.01534567  0.01601305  0.01855211  0.01947731
   0.02080275  0.02276036  0.02452489  0.02524178  0.02769825  0.02827591]]