[[ 0.00113987  0.00154061  0.00157473  0.00188507  0.00202096  0.00218413
   0.00263322  0.00276095  0.00273197  0.00296913  0.0033871   0.00354969]
 [ 0.00123313  0.00163792  0.00186494  0.00217024  0.00235125  0.00257224
   0.00248897  0.00297735  0.00302736  0.00347712  0.00366927  0.00388462]
 [ 0.00128136  0.00166836  0.00191136  0.00223578  0.00238092  0.00289353
   0.00294367  0.00300634  0.00360113  0.00388343  0.00452055  0.00478273]
 [ 0.00141752  0.00174908  0.00228728  0.00242526  0.00268963  0.0029545
   0.00313417  0.00345613  0.00363286  0.00400161  0.0049193   0.00473523]
 [ 0.00149582  0.00205118  0.00240806  0.00279677  0.00324514  0.00326146
   0.00343973  0.00394075  0.00425168  0.00464779  0.00462183  0.00520363]
 [ 0.00166898  0.00226291  0.00259982  0.00314451  0.00318026  0.0035435
   0.00388979  0.00438926  0.00473595  0.00537315  0.00528075  0.0057372 ]
 [ 0.00174833  0.00228369  0.00285776  0.00304191  0.0035371   0.00393242
   0.00416984  0.00460482  0.00497988  0.0051624   0.00549636  0.00594952]
 [ 0.00206961  0.00255614  0.0030417   0.00331124  0.00367358  0.00399856
   0.00436831  0.0046515   0.00494934  0.00531837  0.00576746  0.006224  ]
 [ 0.00211638  0.00271213  0.0030052   0.00354685  0.00394435  0.0043613
   0.00451563  0.00504802  0.00524464  0.00592212  0.0061734   0.00666105]
 [ 0.00239974  0.00273698  0.00321613  0.00364976  0.00410553  0.00437721
   0.00467004  0.00529123  0.00557475  0.00601066  0.00664595  0.00684472]
 [ 0.00212386  0.00295313  0.00324015  0.00383964  0.00439859  0.00478995
   0.0052479   0.0054561   0.00594476  0.0070953   0.00712541  0.00743189]
 [ 0.00246684  0.00285982  0.00352148  0.00447964  0.00432385  0.00489593
   0.0052679   0.00557072  0.00591073  0.00652212  0.00711424  0.0072371 ]]