[[ 0.00028599  0.00034152  0.00039292  0.00037632  0.00037935  0.00038405
   0.00040068  0.00039926  0.00044855  0.00047974  0.00055094  0.000573  ]
 [ 0.00027136  0.00028109  0.00031296  0.00032547  0.0003565   0.00037687
   0.00039511  0.00038662  0.00042962  0.00044603  0.00055559  0.00053743]
 [ 0.00026473  0.00028964  0.00033059  0.0003361   0.00035891  0.00035995
   0.00039434  0.00041471  0.00051231  0.00050483  0.00058511  0.00062853]
 [ 0.0002386   0.00027922  0.00032604  0.00031975  0.00033699  0.00039437
   0.0004204   0.00040404  0.0004802   0.00049018  0.00064892  0.00063279]
 [ 0.00030876  0.00037918  0.00033014  0.00040001  0.00040065  0.00040105
   0.0004544   0.00048844  0.00055112  0.00059171  0.00069392  0.00075508]
 [ 0.00027087  0.00042722  0.0003254   0.00037204  0.00040512  0.00041276
   0.0004937   0.00052164  0.00054235  0.00058267  0.00074877  0.00078926]
 [ 0.00030034  0.00041482  0.000415    0.00039292  0.0004771   0.00047439
   0.00052832  0.00057566  0.00063074  0.00091415  0.00076505  0.00087085]
 [ 0.00044938  0.00041497  0.00044475  0.00044825  0.00048336  0.00052158
   0.00057886  0.000554    0.00063516  0.00064529  0.00076827  0.00079106]
 [ 0.00045058  0.00045141  0.00045527  0.00052473  0.00054777  0.00057341
   0.0006179   0.00067349  0.00067249  0.00068367  0.00094164  0.00085454]
 [ 0.00043005  0.00044871  0.00052812  0.00050383  0.00056727  0.00062834
   0.00056261  0.00060956  0.00073175  0.00070955  0.00109529  0.00078622]
 [ 0.00045807  0.00043369  0.00055853  0.00053586  0.00054097  0.00062506
   0.00058178  0.00068899  0.00080794  0.00086548  0.00091641  0.0009065 ]
 [ 0.0004471   0.00047802  0.0005291   0.00054196  0.00056639  0.0006613
   0.00067521  0.00078133  0.00081073  0.00101168  0.00088711  0.00100006]]