[[ 0.00264996  0.00386489  0.00408079  0.00470553  0.00567625  0.0059053
   0.00637629  0.00674779  0.00719797  0.00763963  0.00760458  0.00823981]
 [ 0.00408802  0.0059051   0.00720971  0.00748532  0.0083064   0.00891139
   0.0092951   0.01011685  0.01016947  0.01078859  0.0106762   0.01115771]
 [ 0.00535335  0.00717906  0.00839905  0.00924101  0.01011315  0.01097759
   0.01122299  0.01136916  0.01151773  0.01228601  0.01240773  0.01222335]
 [ 0.00659749  0.00864715  0.00995687  0.01083609  0.01158009  0.01195137
   0.01215855  0.01234982  0.01252564  0.01278814  0.01361397  0.01348601]
 [ 0.00774795  0.0100333   0.01117836  0.01216129  0.01384507  0.0132718
   0.01330533  0.01439938  0.01448552  0.0146161   0.01478869  0.01482404]
 [ 0.00904098  0.01115721  0.0126401   0.01338118  0.01381028  0.01454527
   0.01483395  0.01552609  0.01558122  0.01536447  0.01590263  0.01596605]
 [ 0.01000602  0.01279987  0.01543557  0.01444232  0.01513659  0.01545742
   0.01583245  0.01611422  0.01658491  0.01694745  0.01682236  0.01699607]
 [ 0.01203184  0.01375586  0.01447203  0.01556963  0.01611015  0.01651948
   0.01698071  0.01661388  0.01682394  0.01699712  0.01822276  0.01844844]
 [ 0.0139584   0.0146488   0.01547008  0.01707443  0.01680113  0.01757999
   0.01808996  0.01969421  0.01853561  0.01872792  0.01906455  0.01926095]
 [ 0.01374799  0.01550757  0.01632902  0.01665356  0.01722884  0.01747874
   0.01755349  0.01858748  0.0206256   0.01964455  0.02143999  0.01984271]
 [ 0.01378647  0.01614865  0.01769212  0.01942007  0.01952277  0.01944605
   0.02037128  0.02025909  0.0204377   0.02151183  0.02162842  0.02096673]
 [ 0.01502443  0.01713987  0.02084169  0.01982821  0.01915209  0.01990653
   0.02001793  0.02078586  0.02140931  0.02189354  0.02361975  0.02260997]]