[[ 0.00542449  0.00649693  0.00404113  0.00648697  0.00708945  0.00681586
   0.00971041  0.00843391  0.00779051  0.00921658  0.00923385  0.00860423]
 [ 0.00487443  0.00756522  0.00547621  0.00658054  0.00778727  0.00685895
   0.01066933  0.01110595  0.0093207   0.00990648  0.01150722  0.01012356]
 [ 0.00509903  0.00599306  0.00476645  0.00544095  0.00621855  0.00610121
   0.00694747  0.00908316  0.00753479  0.00838522  0.01073974  0.01030035]
 [ 0.00603461  0.00621926  0.00658769  0.0081565   0.00882396  0.00889083
   0.01051396  0.01336572  0.01022992  0.01185162  0.01482476  0.01441594]
 [ 0.00663043  0.01024233  0.00689156  0.00892907  0.00962563  0.01131693
   0.0138779   0.01304464  0.01196742  0.01374422  0.01440228  0.01341716]
 [ 0.00573165  0.00763749  0.00582601  0.00841861  0.00924408  0.00871692
   0.01105758  0.01163708  0.01123821  0.01265989  0.01256136  0.01333144]
 [ 0.00949248  0.01181286  0.00759859  0.01012868  0.01156474  0.01079773
   0.01546533  0.01565149  0.01379827  0.0162776   0.01664822  0.01596878]
 [ 0.00872236  0.009679    0.00836428  0.01127515  0.01218204  0.01137467
   0.01395679  0.01427091  0.01396476  0.0161856   0.01789339  0.01665418]
 [ 0.00794194  0.01268043  0.00773482  0.0131381   0.01142192  0.01147149
   0.01331774  0.01346802  0.01239275  0.01512974  0.01663233  0.01561937]
 [ 0.00976405  0.01019068  0.00987171  0.01243     0.01393288  0.01414772
   0.01764706  0.01698909  0.01585729  0.02086187  0.02047981  0.01905917]
 [ 0.01233768  0.0142729   0.01287185  0.01464131  0.0164618   0.01405473
   0.01756062  0.01947498  0.01676425  0.02051593  0.02148701  0.02349585]
 [ 0.01268953  0.0131989   0.01001796  0.01455104  0.01470247  0.01173033
   0.0150075   0.01611481  0.01677981  0.02148901  0.02179435  0.02008978]]