[[ 0.00286002  0.00450456  0.00544375  0.00642288  0.00556589  0.00653966
   0.00650431  0.00763633  0.0077465   0.00795681  0.00818065  0.00873072]
 [ 0.00413114  0.00479942  0.00485852  0.00569353  0.0066278   0.00691741
   0.00725794  0.00867719  0.00832421  0.00905347  0.00929003  0.00977133]
 [ 0.0047253   0.00547534  0.00567943  0.00677594  0.00773773  0.00763514
   0.00812332  0.00896319  0.00917234  0.0098138   0.01084439  0.01136094]
 [ 0.00506427  0.00626653  0.00631917  0.00738338  0.00763646  0.00850466
   0.00929771  0.00966906  0.01068768  0.01199033  0.01350878  0.0136413 ]
 [ 0.00539481  0.00693936  0.00715662  0.00790504  0.00842547  0.0093581
   0.01038668  0.01156486  0.01286482  0.01310391  0.01422864  0.01505626]
 [ 0.00607323  0.00769034  0.00749359  0.00852788  0.00933415  0.01064091
   0.01135484  0.012856    0.01369547  0.01482628  0.01726868  0.01724802]
 [ 0.00721329  0.00819408  0.00822171  0.00957743  0.01047981  0.01162079
   0.01404359  0.01409798  0.01533692  0.01743878  0.01710428  0.0182123 ]
 [ 0.00745336  0.00834295  0.00945506  0.01154624  0.01115196  0.01248638
   0.01375014  0.01633401  0.01588541  0.01685846  0.01979842  0.02057989]
 [ 0.00775947  0.00878375  0.0091814   0.01203302  0.01203399  0.01414913
   0.01619903  0.0172283   0.01673506  0.01977147  0.02208726  0.02181325]
 [ 0.00806357  0.00925152  0.00970659  0.01191468  0.01360727  0.015108
   0.01690887  0.01695054  0.02001648  0.02048225  0.02243696  0.02440598]
 [ 0.00873692  0.00935362  0.01038616  0.01214215  0.01439589  0.01662509
   0.01756461  0.01848286  0.02048388  0.0217406   0.02468142  0.02498009]
 [ 0.00907364  0.00970926  0.01194521  0.01286636  0.01448218  0.01788274
   0.01950913  0.02100913  0.02220711  0.02460656  0.02525657  0.02890979]]