[[ 0.00239853  0.00310254  0.00335793  0.00396642  0.00467634  0.00489783
   0.00548051  0.00612802  0.00636266  0.00743887  0.00770289  0.00808677]
 [ 0.00294578  0.00337258  0.00376957  0.0044614   0.00513225  0.00536205
   0.00615321  0.00634984  0.00725004  0.00779432  0.00828834  0.00889994]
 [ 0.00340857  0.00357542  0.00440005  0.0051286   0.0054452   0.00590501
   0.00685851  0.00713522  0.00758456  0.00860659  0.00897547  0.0094633 ]
 [ 0.00397735  0.0041454   0.00504613  0.00498061  0.00633529  0.00664247
   0.00741221  0.00766305  0.00848621  0.00903852  0.0096057   0.01017973]
 [ 0.00433388  0.00519986  0.00535691  0.00629431  0.0068491   0.00754734
   0.00809259  0.00860618  0.00919195  0.00970014  0.01043505  0.01103251]
 [ 0.00499176  0.00538965  0.00588057  0.00679751  0.00727787  0.00782028
   0.00869741  0.00912251  0.00968974  0.01037155  0.01090464  0.01138419]
 [ 0.00538732  0.00580928  0.00649194  0.00719189  0.00805875  0.00859691
   0.00887343  0.00974495  0.01038604  0.0106563   0.01156435  0.01185417]
 [ 0.00647218  0.00678785  0.00700533  0.00809887  0.00814055  0.00926524
   0.00981323  0.00950412  0.01111768  0.0115883   0.0122055   0.01290978]
 [ 0.00695987  0.00696806  0.00787527  0.00862622  0.00884231  0.0095753
   0.00995668  0.01066808  0.01154752  0.0122864   0.01280715  0.01329418]
 [ 0.00756301  0.00803056  0.00865867  0.00904839  0.00989666  0.01040018
   0.01130849  0.01167581  0.01187827  0.01232006  0.01324044  0.01404241]
 [ 0.00793344  0.0085181   0.00895866  0.00973733  0.01014287  0.01090514
   0.01149801  0.01197579  0.01298379  0.01373504  0.01407708  0.01512972]
 [ 0.00830309  0.009093    0.00952951  0.00990112  0.01097736  0.01142316
   0.01221761  0.01240284  0.01352722  0.0140319   0.01496307  0.01518725]]