[[ 0.0011307   0.00117213  0.00091279  0.00134899  0.00155339  0.00136614
   0.00171914  0.00176916  0.00165056  0.00198457  0.00204645  0.00207931]
 [ 0.00116095  0.00116513  0.00092974  0.00145787  0.00155875  0.0014547
   0.00171823  0.00178604  0.00172327  0.0019497   0.00237174  0.00211938]
 [ 0.00091379  0.00101508  0.00076456  0.00122009  0.00141038  0.00126905
   0.00155151  0.00168063  0.00157714  0.00191912  0.0019624   0.00190103]
 [ 0.00128183  0.00147251  0.00125253  0.00159433  0.00180103  0.00167857
   0.00210997  0.00221523  0.00211037  0.00229093  0.0024443   0.00229396]
 [ 0.00141128  0.0015667   0.00133093  0.00182966  0.00195926  0.00183193
   0.00222581  0.00230515  0.0022377   0.00252096  0.00259153  0.00257416]
 [ 0.00130031  0.00150414  0.00121282  0.00166652  0.0018508   0.00172437
   0.00202138  0.00216242  0.00199873  0.00234041  0.00242032  0.00237782]
 [ 0.00156485  0.00178862  0.00156861  0.00215212  0.00214615  0.00216413
   0.00259181  0.00254572  0.00242102  0.00281153  0.00310904  0.003085  ]
 [ 0.00181044  0.00186795  0.00167382  0.0021951   0.00220941  0.00220007
   0.00251542  0.00256574  0.00253554  0.00288578  0.00324009  0.00293802]
 [ 0.00161076  0.00180825  0.00159914  0.00212884  0.00233166  0.00209173
   0.00245188  0.002483    0.00254475  0.00289879  0.00310393  0.00266853]
 [ 0.00189854  0.00218418  0.00198258  0.00234756  0.00242633  0.00230463
   0.00275431  0.00284754  0.00277897  0.00296554  0.00319505  0.00338313]
 [ 0.00195164  0.00215854  0.00204936  0.00240805  0.00256595  0.00242017
   0.00281191  0.00285049  0.00282023  0.00355148  0.00307934  0.00317307]
 [ 0.00201828  0.00209469  0.00185985  0.00232651  0.00250007  0.00236505
   0.00274467  0.00283427  0.0028896   0.00310023  0.00326378  0.00304522]]