[[ 0.00401657  0.00861312  0.01008715  0.01223666  0.01365699  0.01629913
   0.01713901  0.01855447  0.02055049  0.02315708  0.02361131  0.02521366]
 [ 0.00772379  0.01040847  0.01343218  0.01604884  0.0184508   0.02113804
   0.02481     0.02615343  0.02940941  0.03193326  0.03618498  0.03752479]
 [ 0.00924674  0.01296492  0.01653895  0.02004009  0.02438235  0.02881535
   0.03184801  0.03479792  0.03885578  0.04189557  0.04676529  0.04953917]
 [ 0.01088712  0.01564121  0.02038714  0.02412706  0.03049596  0.03491823
   0.03936616  0.04256477  0.04709302  0.05204261  0.05674083  0.0603489 ]
 [ 0.01239015  0.01892522  0.02344607  0.03048577  0.03524376  0.04092629
   0.04602472  0.05157724  0.05722315  0.06191557  0.06695367  0.07107656]
 [ 0.01404203  0.0215911   0.02703797  0.03489772  0.04070395  0.04657697
   0.05367387  0.05990108  0.06585859  0.07290957  0.07726584  0.08208079]
 [ 0.01568796  0.02543882  0.03153684  0.03906016  0.04674887  0.05337608
   0.05920779  0.06660764  0.07405529  0.08155863  0.08694666  0.0939412 ]
 [ 0.0196113   0.02827121  0.03497938  0.04289275  0.05058059  0.0586009
   0.06783826  0.0731205   0.08219724  0.09002736  0.0989896   0.10462073]
 [ 0.01968051  0.03107273  0.0384427   0.04848154  0.05680483  0.06415596
   0.07191487  0.08087526  0.0911146   0.09868624  0.10748463  0.11562519]
 [ 0.0212146   0.03255377  0.04334221  0.0515799   0.06231628  0.07015537
   0.07909166  0.08920884  0.09916418  0.107993    0.11840597  0.12770152]
 [ 0.0235883   0.03596787  0.04656096  0.0566201   0.06610038  0.07583319
   0.08703628  0.09489442  0.1050142   0.1172857   0.12555753  0.13671114]
 [ 0.02600568  0.03863005  0.05010166  0.0632946   0.07125054  0.08221075
   0.09343387  0.10477134  0.11607459  0.12539527  0.13568296  0.14736802]]