[[ 0.00096544  0.00118095  0.00135518  0.00154284  0.00173465  0.0018185
   0.00194337  0.00204267  0.00220276  0.00210959  0.00251266  0.00253377]
 [ 0.00097928  0.00094742  0.00128203  0.00140499  0.00154669  0.0015478
   0.00180243  0.00177371  0.00201979  0.00203601  0.0025013   0.00245611]
 [ 0.00133066  0.00119264  0.00139913  0.0015885   0.00184154  0.00166383
   0.00200378  0.0022878   0.00210189  0.00213245  0.00254609  0.00265406]
 [ 0.00139372  0.00137269  0.00163734  0.00162279  0.00189665  0.00186803
   0.00217675  0.00213043  0.00246655  0.00229373  0.00280306  0.00256105]
 [ 0.00134324  0.00166097  0.00171657  0.0018218   0.00198879  0.0020317
   0.00245995  0.00237213  0.0025612   0.00247855  0.00312126  0.00290255]
 [ 0.00148317  0.00162229  0.00168215  0.00195294  0.00219576  0.00190386
   0.00251651  0.00222819  0.00264512  0.0024706   0.00280697  0.00284865]
 [ 0.00173334  0.00184829  0.00199553  0.00220247  0.00228901  0.00260877
   0.00246286  0.00254031  0.0027617   0.00299379  0.00341509  0.00357655]
 [ 0.00226732  0.00234146  0.00221672  0.00219659  0.00251776  0.00254283
   0.00284218  0.00250033  0.00300703  0.00306734  0.00332883  0.00342349]
 [ 0.00229193  0.00238069  0.00219715  0.00271663  0.00240691  0.00247569
   0.00260354  0.00276295  0.00311729  0.00349623  0.00397904  0.0038278 ]
 [ 0.0021256   0.0024109   0.00257302  0.00228811  0.00230949  0.0024458
   0.00273959  0.00287514  0.00307573  0.0027262   0.00342672  0.00369979]
 [ 0.00237554  0.00224302  0.0029973   0.00300007  0.00283655  0.00286161
   0.0031104   0.0031666   0.00363347  0.00309535  0.00324674  0.00405408]
 [ 0.00284773  0.00266136  0.00283299  0.00276479  0.00322958  0.00265919
   0.00350438  0.00358226  0.0037296   0.00335984  0.00382696  0.00366289]]