[[  4.08506393e-05   5.05399704e-05   3.61013412e-05   4.58383560e-05
    4.27103043e-05   3.81207466e-05   4.34780121e-05   4.08482552e-05
    5.19108772e-05   4.62102890e-05   4.87399101e-05   4.82010841e-05]
 [  3.41010094e-05   3.42202187e-05   3.45683098e-05   3.34811211e-05
    3.64112854e-05   6.08086586e-05   3.79180908e-05   3.74698639e-05
    3.82089615e-05   3.89099121e-05   4.98199463e-05   3.99494171e-05]
 [  3.27301025e-05   3.29995155e-05   3.29709053e-05   3.53884697e-05
    3.72505188e-05   3.51715088e-05   3.75890732e-05   3.81588936e-05
    4.17613983e-05   4.16398048e-05   5.63287735e-05   3.82709503e-05]
 [  3.29399109e-05   3.26991081e-05   3.46088409e-05   3.65519524e-05
    3.83901596e-05   4.70399857e-05   4.30488586e-05   3.82590294e-05
    3.78918648e-05   3.89599800e-05   4.89997864e-05   3.84688377e-05]
 [  3.70097160e-05   4.02903557e-05   3.87907028e-05   3.76701355e-05
    4.13393974e-05   5.37109375e-05   4.29105759e-05   4.24885750e-05
    4.53305244e-05   4.82010841e-05   5.60593605e-05   4.44602966e-05]
 [  3.68595123e-05   4.02307510e-05   3.76486778e-05   4.20403481e-05
    3.88717651e-05   3.47018242e-05   4.09507751e-05   3.80802155e-05
    3.94988060e-05   4.17399406e-05   5.08809090e-05   4.08911705e-05]
 [  3.91387939e-05   4.12893295e-05   3.90887260e-05   3.75914574e-05
    4.50420380e-05   4.04882431e-05   4.71091270e-05   5.10907173e-05
    4.68707085e-05   5.02109528e-05   6.14905357e-05   4.89687920e-05]
 [  3.93414497e-05   4.05812263e-05   3.45301628e-05   4.11510468e-05
    4.07314301e-05   3.95202637e-05   4.26387787e-05   4.26697731e-05
    4.49109077e-05   4.68611717e-05   6.30402565e-05   4.44293022e-05]
 [  4.89497185e-05   4.10890579e-05   3.83806229e-05   4.22000885e-05
    4.74596024e-05   3.86095047e-05   4.57000732e-05   4.46105003e-05
    4.95004654e-05   4.95219231e-05   6.06918335e-05   5.16104698e-05]
 [  4.43005562e-05   4.33993340e-05   4.35805321e-05   4.29892540e-05
    4.78887558e-05   4.01306152e-05   5.33986092e-05   4.64200974e-05
    4.94098663e-05   5.93900681e-05   6.45899773e-05   5.12909889e-05]
 [  4.62198257e-05   5.64599037e-05   4.60290909e-05   4.37998772e-05
    5.72919846e-05   4.31609154e-05   5.08904457e-05   5.00893593e-05
    5.29718399e-05   5.61594963e-05   7.13801384e-05   5.40113449e-05]
 [  3.69095802e-05   3.72409821e-05   3.81994247e-05   3.75509262e-05
    3.67999077e-05   3.84998322e-05   3.87811661e-05   5.16700745e-05
    4.02498245e-05   4.27699089e-05   5.15890121e-05   4.71806526e-05]]