[[ 0.00141776  0.00253793  0.00291313  0.00339495  0.00364803  0.00389825
   0.00433867  0.00461439  0.00482348  0.00510188  0.00564415  0.00564334]
 [ 0.00212492  0.00311592  0.00308496  0.00434034  0.00514092  0.0056184
   0.00618265  0.00629897  0.0070092   0.00768911  0.00916877  0.00940134]
 [ 0.00256683  0.00323139  0.00486082  0.00575969  0.00673399  0.00758584
   0.00822063  0.00927136  0.0105659   0.01134262  0.01157464  0.01325967]
 [ 0.00298877  0.00485704  0.00539703  0.00672962  0.00797706  0.00961594
   0.01068346  0.01213337  0.01364137  0.01474087  0.01550368  0.0164376 ]
 [ 0.00309895  0.00525174  0.00615869  0.00848732  0.01042965  0.01216486
   0.01359162  0.01482204  0.01635586  0.01781131  0.01876795  0.02023241]
 [ 0.00341931  0.00565385  0.00761738  0.0099559   0.01175795  0.0140267
   0.01559535  0.01736747  0.01910203  0.02094326  0.02177329  0.02343965]
 [ 0.00404485  0.00666085  0.00866601  0.01168217  0.01420527  0.01589143
   0.01794786  0.01923873  0.02110491  0.02305443  0.02523728  0.02679738]
 [ 0.00453229  0.00741293  0.00943032  0.01295419  0.01561324  0.01810873
   0.02029675  0.02252537  0.024606    0.02637885  0.02707685  0.03002613]
 [ 0.00489929  0.00837548  0.01064345  0.01443299  0.01728132  0.01866114
   0.02084313  0.02485117  0.02658754  0.02824598  0.03034898  0.03264032]
 [ 0.00500038  0.00927812  0.01289853  0.01557306  0.01914606  0.02157251
   0.02416211  0.02679535  0.02874756  0.03129125  0.0326337   0.03662966]
 [ 0.00538868  0.01011781  0.01425173  0.01680353  0.01914381  0.02184474
   0.02537148  0.02853858  0.03023031  0.03310451  0.03721761  0.04002024]
 [ 0.00575829  0.01043825  0.01554771  0.01849184  0.02173476  0.02467595
   0.02773204  0.03068741  0.03403783  0.03710765  0.03997368  0.04390751]]