[[ 0.00363508  0.00532177  0.0058195   0.00756625  0.00712016  0.00894054
   0.00794999  0.00980727  0.00893919  0.00929949  0.01132962  0.01021362]
 [ 0.004821    0.00604577  0.00690572  0.00773335  0.01012013  0.00862089
   0.00985302  0.01015193  0.01098977  0.01167667  0.01403478  0.01392249]
 [ 0.00543014  0.00705146  0.00734417  0.00880197  0.00959649  0.01185373
   0.01194587  0.0127594   0.01337368  0.01464383  0.01512486  0.01654911]
 [ 0.00679283  0.00841387  0.00860155  0.01197365  0.01105867  0.01243609
   0.01365972  0.01530965  0.01542461  0.01628125  0.01925818  0.01854205]
 [ 0.00672045  0.00857939  0.00947082  0.01102647  0.01237708  0.0139296
   0.01510316  0.01712464  0.01979662  0.01810891  0.0193465   0.02051672]
 [ 0.00732671  0.0097317   0.01065991  0.01260487  0.01469611  0.0150778
   0.01918459  0.01931223  0.02007666  0.0209837   0.02167763  0.02288647]
 [ 0.00785792  0.0103586   0.01182856  0.01385074  0.01533879  0.0172783
   0.01806216  0.0207464   0.02161065  0.02292697  0.02399274  0.02475702]
 [ 0.00853491  0.01103774  0.01328702  0.01500791  0.01704294  0.01876417
   0.02027519  0.02179843  0.02434978  0.0238872   0.02604062  0.02724589]
 [ 0.00967554  0.01393924  0.01402732  0.01655327  0.0195694   0.02027023
   0.02197792  0.02246609  0.02723429  0.02559458  0.0320777   0.03017685]
 [ 0.00921074  0.01246022  0.01513506  0.01736891  0.01935843  0.02268573
   0.02200044  0.02755773  0.03071994  0.02787115  0.03134895  0.0328243 ]
 [ 0.01005259  0.01282793  0.01565535  0.0208637   0.02060442  0.02262587
   0.02548096  0.02686565  0.0325528   0.03100744  0.03278662  0.03530726]
 [ 0.01072627  0.0140533   0.01811575  0.01934761  0.02099436  0.02279809
   0.02927932  0.02758093  0.02963369  0.03196135  0.03563567  0.03694841]]