0.495188371179 0.535304468293 0.226622588789 0.226622588789
1.01108703736 0.341175034041 0.113433096248 0.113433096248
2.2319628852 0.201918298531 0.0498901133001 0.0498901133001
4.71956339966 0.1437238756 0.0387022915377 0.0387022915377
10.5148673636 0.0925241261576 0.0205743015873 0.0205743015873
22.6695458948 0.0652266788684 0.0133565568099 0.0133565568099
52.2223445628 0.0416094593296 0.0103712314936 0.0103712314936
126.925796709 0.0286507121872 0.00589362818437 0.00589362818437
234.51170815 0.0189553297602 0.00400310123193 0.00400310123193
544.531874383 0.0128121861679 0.00279047586752 0.00279047586752
