26.4865707266 0.47747276047 0.366493657672 0.366493657672
34.0236768558 0.292326019024 0.103332256205 0.103332256205
44.2351820426 0.243508935498 0.0764357460948 0.0764357460948
63.1187300669 0.186021740643 0.0552847005585 0.0552847005585
88.0819900408 0.145386626974 0.0359629843125 0.0359629843125
131.405429313 0.113084695693 0.03526828416 0.03526828416
210.976184706 0.0889135051575 0.0209115667747 0.0209115667747
307.010335604 0.068198250446 0.0207624601775 0.0207624601775
490.119732412 0.055986984441 0.0148782763849 0.0148782763849
756.138881964 0.041072917943 0.0102361391702 0.0102361391702
