11.399348741 0.065449733674 0.035608574536 0.035608574536
29.7182690453 0.0484797031834 0.0260954153016 0.0260954153016
57.1739186704 0.0324732407159 0.019561135454 0.019561135454
77.782834672 0.0191814673164 0.00861386430104 0.00861386430104
154.936175 0.0143603700766 0.00864962180417 0.00864962180417
325.79087255 0.0090792349849 0.00493767609884 0.00493767609884
703.102039605 0.00760581147149 0.00388716666455 0.00388716666455
1066.40444118 1.35403872055e-12 1.61558713389e-27 1.61558713389e-27
1040.61461761 1.35403872055e-12 1.61558713389e-27 1.61558713389e-27
1104.56261553 1.35403872055e-12 1.61558713389e-27 1.61558713389e-27
