[[ 1.          1.76011309  1.48041352  1.34069161  1.26892127  1.21295542
   1.1635048   1.14000652  1.10809535  1.09781427  1.08107947  1.06960811]
 [ 1.6453893   1.16034145  0.97716616  0.90947151  0.88168769  0.83928847
   0.82593539  0.80709004  0.79903897  0.8100261   0.79408307  0.7969937 ]
 [ 1.58361608  1.10345476  0.93593856  0.88358695  0.84375967  0.81183207
   0.79026302  0.79074463  0.78672988  0.77690057  0.77303017  0.76682957]
 [ 1.49967377  1.06818182  0.89013967  0.84471509  0.81301653  0.81340255
   0.79031653  0.79295346  0.76826965  0.77125924  0.77202996  0.76704619]
 [ 1.44062636  1.03691823  0.88305688  0.84379078  0.80431709  0.78933571
   0.78916405  0.76370161  0.77169195  0.75097869  0.76239332  0.77616783]
 [ 1.40444619  1.02850475  0.89062706  0.8502277   0.80241684  0.77933929
   0.88546061  0.77142685  0.75569437  0.76204299  0.76746587  0.7531826 ]
 [ 1.37198281  1.01987094  0.880484    0.83178822  0.80288588  0.87845055
   0.77791273  0.78084494  0.74873783  0.76837018  0.75219212  0.79561421]
 [ 1.35760113  1.00935189  0.86437694  0.81758373  0.796107    0.80059081
   0.80781491  0.76190735  0.75596193  0.74913006  0.75976625  0.75815591]
 [ 1.32590253  1.00821679  0.86059211  0.8109186   0.79195218  0.78962088
   0.82327983  0.78464428  0.75163453  0.7446971   0.76231539  0.80262426]
 [ 1.3300348   0.99728143  0.85005799  0.8168769   0.85292518  0.83649237
   0.81106621  0.8191605   0.73809877  0.73336233  0.79962065  0.77752659]
 [ 1.31913075  0.9950728   0.84849226  0.92630854  0.84867921  0.8274209
   0.80205972  0.81720927  0.77117133  0.79688222  0.79457144  0.77544245]
 [ 1.32879217  0.99032573  0.83522687  0.82114667  0.84959335  0.81952203
   0.79898545  0.75815591  0.79004898  0.77574975  0.77505239  0.78432152]]