[[  4.70387475e+09   6.19652523e+09   7.37252641e+09   4.83275991e+09
    7.35185010e+09   7.65635428e+09   7.85185518e+09   7.43605000e+09
    7.97381038e+09   7.45442008e+09   7.41291953e+09   7.43275563e+09]
 [  8.12818108e+09   8.51946701e+09   8.55805754e+09   9.03185684e+09
    8.70693349e+09   7.78698550e+09   8.71996674e+09   8.70856051e+09
    8.63629700e+09   8.02829799e+09   7.36269068e+09   7.36217374e+09]
 [  8.91665214e+09   9.02855175e+09   9.52926048e+09   9.89129327e+09
    9.97693625e+09   1.01233443e+10   9.88523215e+09   8.76113130e+09
    9.20308064e+09   9.03341302e+09   7.64170751e+09   7.47221549e+09]
 [  9.58763801e+09   9.10577917e+09   9.32046843e+09   9.73879446e+09
    1.00050188e+10   9.10004990e+09   9.27122900e+09   9.29629859e+09
    9.19864026e+09   8.98387988e+09   7.61382515e+09   7.41174059e+09]
 [  9.90601072e+09   7.31415817e+09   9.80298228e+09   9.00819140e+09
    9.18192644e+09   9.26631318e+09   9.24629426e+09   8.96295410e+09
    8.70928383e+09   8.69574159e+09   7.32437615e+09   7.37071259e+09]
 [  9.80756676e+09   7.14544370e+09   9.93063737e+09   9.04900434e+09
    8.84407802e+09   8.70097293e+09   8.87458000e+09   9.09748395e+09
    9.00587035e+09   8.64983296e+09   7.68159408e+09   7.35623411e+09]
 [  1.01060261e+10   7.76104953e+09   9.25588437e+09   9.09176511e+09
    8.66162234e+09   8.83160111e+09   8.44672144e+09   8.97177326e+09
    9.13911187e+09   8.85509437e+09   7.65174496e+09   7.17048586e+09]
 [  6.86723971e+09   7.30295126e+09   9.02039658e+09   8.07031478e+09
    7.73571376e+09   8.59488525e+09   8.75728991e+09   8.77506172e+09
    8.75802134e+09   8.78185968e+09   7.45163892e+09   6.98317433e+09]
 [  6.75226428e+09   7.33295570e+09   8.77267574e+09   7.66222872e+09
    8.24870988e+09   8.96544471e+09   9.11825040e+09   9.21076048e+09
    8.62741484e+09   8.64448475e+09   7.53409136e+09   7.16179288e+09]
 [  6.87996851e+09   7.25056009e+09   7.43275563e+09   7.96744866e+09
    8.45608758e+09   9.17088444e+09   9.05056643e+09   8.53385420e+09
    8.81600807e+09   9.01322445e+09   7.44661163e+09   7.08018906e+09]
 [  7.20621263e+09   7.99676644e+09   7.59810152e+09   8.22509315e+09
    9.07602623e+09   9.09255349e+09   9.36521234e+09   8.96467822e+09
    9.13493194e+09   9.04568668e+09   7.58847880e+09   6.88708560e+09]
 [  7.81862988e+09   7.98276426e+09   8.08805584e+09   8.67236788e+09
    9.55748889e+09   1.00766481e+10   9.34309899e+09   9.59685162e+09
    9.17931412e+09   9.40300408e+09   7.90766388e+09   7.11997148e+09]]