[[  5.19988991e+09   7.95758539e+09   8.80900453e+09   9.45335870e+09
    1.03822490e+10   9.81990306e+09   1.05449634e+10   1.06010263e+10
    1.08032472e+10   1.05056090e+10   1.06854442e+10   1.10222907e+10]
 [  8.51206702e+09   1.03463685e+10   1.07826883e+10   1.14870267e+10
    1.14124277e+10   1.11971425e+10   1.11985251e+10   1.19568229e+10
    1.11694713e+10   1.09029831e+10   1.05031230e+10   1.10104275e+10]
 [  9.77010585e+09   1.13393509e+10   1.20004492e+10   1.17745756e+10
    1.28645820e+10   1.23868925e+10   1.21700403e+10   1.21595000e+10
    1.21304434e+10   1.17957603e+10   1.07620004e+10   1.02198024e+10]
 [  1.07628427e+10   1.21848630e+10   1.28355280e+10   1.25770762e+10
    1.29521086e+10   1.21902548e+10   1.18161391e+10   1.18537159e+10
    1.22821828e+10   1.19443265e+10   1.11838414e+10   1.13120257e+10]
 [  1.14489533e+10   1.11400795e+10   1.24329734e+10   1.24256805e+10
    1.26382708e+10   1.22961534e+10   1.24131038e+10   1.21490394e+10
    1.18040097e+10   1.21222046e+10   1.14024066e+10   1.09978977e+10]
 [  1.12393967e+10   1.03010177e+10   1.23018245e+10   1.23946069e+10
    1.11002857e+10   1.18488687e+10   1.17295874e+10   1.20018142e+10
    1.17323025e+10   1.17147795e+10   1.13691655e+10   1.09773677e+10]
 [  1.20434786e+10   1.11570445e+10   1.30815581e+10   1.21149042e+10
    1.23483823e+10   1.17693388e+10   1.23798089e+10   1.23636519e+10
    1.18080805e+10   1.18616943e+10   1.17858828e+10   1.10843861e+10]
 [  9.97625993e+09   1.10041518e+10   1.33716665e+10   1.16103212e+10
    1.16196650e+10   1.18608138e+10   1.20177187e+10   1.25899025e+10
    1.26975647e+10   1.19637633e+10   1.14359596e+10   1.09735479e+10]
 [  1.04624679e+10   1.10119741e+10   1.14175459e+10   1.16332814e+10
    1.26726183e+10   1.21902105e+10   1.24122590e+10   1.20300327e+10
    1.21172054e+10   1.26228760e+10   1.13957537e+10   1.13510275e+10]
 [  1.03443336e+10   1.15219981e+10   1.17544715e+10   1.22747603e+10
    1.22654993e+10   1.24395093e+10   1.16912605e+10   1.24653327e+10
    1.19050419e+10   1.23120078e+10   1.15060204e+10   1.14177402e+10]
 [  1.10605710e+10   1.16933465e+10   1.20462371e+10   1.20328973e+10
    1.23899204e+10   1.18518569e+10   1.24846639e+10   1.23328148e+10
    1.18206847e+10   1.18635899e+10   1.14118766e+10   1.01728372e+10]
 [  1.04765537e+10   1.13722635e+10   1.16188523e+10   1.18742284e+10
    1.24246039e+10   1.27474239e+10   1.27996387e+10   1.24978889e+10
    1.26517852e+10   1.25156871e+10   1.16106265e+10   1.13714541e+10]]